2020年秋季开放教育招生数据统计表（08月26日）
序号 分校 招生计划人数 国开本科 上开本科
1 公管学院 380 18 14
2 人文学院 320 8 10
3 理工学院 320 0 26
4 经管学院 280 10 10
5 老年学院(暂不招生) 100 0 0
6 普晟分校 370 0 0
7 企业家联合会 1000 0 175
8 远驰专修 200 0 17
小计 2970 36 252
9 浦东东校 1900 83 127
10 奉贤分校 1350 103 167
11 浦东南校 1900 36 149
12 嘉定分校 1450 88 108
13 松江分校 1900 48 152
14 青浦分校 1100 50 84
15 闵二分校 800 40 72
16 闵一分校 1650 15 60
17 金山分校 800 22 48
18 崇明分校 800 1 42
19 宝山分校 600 9 5
20 浦东西校(暂不招生) 200 0 0
小计 14450 495 1014
21 徐汇分校 300 38 177
22 航空运输学院 500 30 50
23 普陀分校 430 18 76
24 杨浦分校 480 58 25
25 静安分校 370 19 60
26 黄浦分校 430 10 34
27 虹口分校 220 12 10
小计 2730 185 432
28 慧承文化 700 0 94
29 外经贸分校 200 0 82
30 文化旅游学院 800 0 65
31 沪东中华教学点 200 0 72
32 西南进修分校 750 0 0
33 新世界分校 350 34 30
34 徐汇财贸分校 650 0 2
35 时尚学院 360 0 38
36 邮电分校 260 0 0
37 新知进修教学点 200 0 23
38 石化工业教学点 200 0 0
39 百联分校 200 0 0
40 交大昂立分校 200 0 0
41 工程大分校 200 0 12
42 建设分校 200 0 0
43 贸易学校教学点 200 0 0
44 泽达进修教学点(暂不招生) 200 0 0
45 商业分校 200 0 0
小计 6070 34 418
总计 26220 750 2116
2020年秋季开放教育招生数据统计表（08月26日）
上开本科 上开专科 秋季合计 春季合计 全年合计 计划完成率
14 52 84 121 205 53.95%
10 36 54 80 134 41.88%
26 20 46 50 96 30.0%
10 21 41 47 88 31.43%
0 0 0 0 0 0.0%
0 0 0 0 0 0.0%
175 483 658 897 1555 155.5%
17 64 81 91 172 86.0%
252 676 964 1286 2250 75.76%
127 518 728 528 1256 66.11%
167 214 484 502 986 73.04%
149 171 356 498 854 44.95%
108 154 350 495 845 58.28%
152 145 345 579 924 48.63%
84 122 256 373 629 57.18%
72 123 235 421 656 82.0%
60 108 183 451 634 38.42%
48 80 150 245 395 49.38%
42 62 105 169 274 34.25%
5 19 33 44 77 12.83%
0 0 0 0 0 0.0%
1014 1716 3225 4305 7530 52.11%
177 26 241 339 580 193.33%
50 80 160 152 312 62.4%
76 46 140 94 234 54.42%
25 41 124 170 294 61.25%
60 25 104 60 164 44.32%
34 36 80 129 209 48.6%
10 11 33 10 43 19.55%
432 265 882 954 1836 67.25%
94 460 554 954 1508 215.43%
82 389 471 735 1206 603.0%
65 222 287 852 1139 142.38%
72 200 272 216 488 244.0%
0 250 250 415 665 88.67%
30 153 217 245 462 132.0%
2 211 213 399 612 94.15%
38 107 145 777 922 256.11%
0 139 139 380 519 199.62%
23 52 75 505 580 290.0%
0 56 56 0 56 28.0%
0 32 32 16 48 24.0%
0 29 29 42 71 35.5%
12 6 18 25 43 21.5%
0 10 10 11 21 10.5%
0 9 9 8 17 8.5%
0 0 0 0 0 0.0%
0 0 0 0 0 0.0%
418 2325 2777 5580 8357 137.68%
2116 4982 7848 12125 19973 76.17%
2020年秋季开放教育招生数据统计表（08月26日）
同比增长率
-16.0%
22.73%
187.5%
-4.65%
0.0%
0.0%
61.67%
-37.21%
16.28%
-4.21%
24.42%
11.25%
5.42%
-3.36%
49.71%
-2.89%
-44.55%
0.67%
31.25%
-47.62%
0.0%
0.22%
177.01%
10.34%
23.89%
45.88%
60.0%
-14.89%
-25.0%
39.34%
-22.19%
100.0%
-4.97%
1195.24%
-44.44%
93.75%
8.12%
-70.71%
-39.83%
-24.24%
5500.0%
-58.44%
-36.96%
0.0%
233.33%
-60.87%
0.0%
0.0%
-5.64%
2.95%
